1 100 100 0
2 100 100 0
3 100 100 0
4 100 100 0
5 100 100 0
6 100 100 0
7 100 100 0
8 100 100 0
9 100 100 0
10 100 100 0
11 100 100 0
12 100 100 0
13 100 100 0
14 100 100 0
15 100 100 0
16 100 100 0
17 100 100 0
18 100 100 0
19 100 100 0
20 100 100 0
21 100 100 0
22 100 100 0
23 100 100 0
24 100 100 0
25 100 100 0
26 108 109 1
27 109 109 2
28 109 109 1
29 109 109 1
30 109 109 2
31 109 109 2
32 110 110 2
33 110 110 2
34 110 110 2
35 110 110 2
36 110 110 2
37 111 111 2
38 111 111 2
39 111 111 2
40 111 111 2
41 111 111 2
42 112 112 2
43 112 112 2
44 112 112 2
45 112 112 2
46 113 113 3
47 113 113 3
48 113 113 3
49 113 113 3
50 114 114 3
51 114 114 3
52 114 114 3
53 115 115 3
54 115 115 3
55 115 115 4
56 116 116 4
57 116 116 4
58 117 117 4
59 117 117 4
60 117 117 4
61 118 118 5
62 118 118 5
63 119 119 5
64 119 119 5
65 120 120 5
66 120 120 6
67 121 121 6
68 121 121 6
69 122 122 6
70 122 122 7
71 123 123 7
72 123 123 7
73 124 124 7
74 124 124 8
75 124 124 8
76 125 125 8
77 125 125 8
78 126 126 9
79 126 126 9
80 127 127 9
81 127 127 9
82 127 127 10
83 128 128 10
84 128 128 10
85 129 129 10
86 129 129 11
87 129 129 11
88 129 130 11
89 130 130 11
90 130 130 11
91 130 130 12
92 130 130 12
93 131 131 12
94 131 131 12
95 131 131 12
96 131 131 13
97 132 132 13
98 132 132 13
99 132 132 13
100 132 132 13
101 132 132 13
102 133 133 13
103 133 133 14
104 133 133 14
105 133 133 13
106 133 133 14
107 133 133 14
108 133 133 14
109 134 134 14
110 134 134 14
111 134 134 14
112 134 134 15
113 134 134 15
114 134 134 15
115 134 134 15
116 134 135 15
117 135 135 15
118 135 135 15
119 135 135 15
120 135 135 15
121 135 135 15
122 135 135 15
123 135 135 16
124 135 135 15
125 136 136 16
126 136 136 16
127 136 136 16
128 136 136 16
129 136 136 16
130 136 136 16
131 136 136 16
132 136 136 16
133 136 136 16
134 135 136 15
135 135 136 16
136 135 135 15
137 135 135 15
138 135 135 15
139 135 135 15
140 135 135 15
141 135 135 15
142 135 135 15
143 135 135 15
144 134 135 14
145 134 134 15
146 134 134 15
147 134 134 14
148 134 134 14
149 134 134 14
150 134 134 14
151 133 133 14
152 133 133 14
153 133 133 13
154 133 133 13
155 133 133 14
156 132 132 13
157 132 132 13
158 132 132 13
159 132 132 13
160 132 132 13
161 132 132 12
162 132 132 13
163 132 132 12
164 131 131 12
165 131 131 12
166 131 131 12
167 131 131 12
168 131 131 12
169 131 131 12
170 131 131 12
171 131 131 12
172 131 131 12
173 131 131 11
174 130 130 12
175 130 130 12
176 130 130 11
177 130 130 11
178 130 130 11
179 130 130 11
180 130 130 11
181 130 130 11
182 130 130 11
183 130 130 12
184 131 131 11
185 131 131 12
186 132 132 13
187 134 134 17
188 130 130 41
189 128 128 32
190 128 128 31
191 127 127 40
192 134 134 17
193 132 132 12
194 130 130 11
195 130 130 11
196 129 129 10
197 129 129 10
198 128 129 10
199 128 128 10
200 128 128 10
201 128 128 10
202 128 128 10
203 128 128 10
204 128 128 10
205 127 127 9
206 127 127 9
207 127 127 9
208 127 127 9
209 127 127 9
210 127 127 9
211 127 127 9
212 127 127 9
213 127 127 9
214 127 127 9
215 126 126 9
216 126 126 9
217 126 126 9
218 126 126 8
219 126 126 9
220 126 126 8
221 126 126 8
222 126 126 9
223 126 126 9
224 126 126 8
225 126 126 9
226 126 126 8
227 126 126 8
228 126 126 8
229 126 126 8
230 126 126 8
231 126 126 9
232 126 126 9
233 126 126 8
234 126 126 8
235 126 126 9
236 126 126 8
237 126 126 8
238 126 126 8
239 126 126 8
240 126 126 8
241 126 126 8
242 126 126 8
243 126 126 8
244 126 126 8
245 126 126 8
246 126 126 8
247 126 126 9
248 126 126 8
249 126 126 8
250 126 126 8
251 126 126 8
252 126 126 8
253 126 126 8
254 126 126 9
255 126 126 8
256 126 126 8
257 126 126 8
258 126 126 9
259 126 126 8
260 126 126 9
261 126 126 9
262 126 126 9
263 126 126 9
264 126 126 9
265 126 126 9
266 126 126 8
267 126 126 9
268 126 126 9
269 126 126 8
270 126 127 9
271 126 127 9
272 127 127 9
273 127 127 9
274 127 127 9
275 127 127 9
276 127 127 9
277 127 127 9
278 127 127 9
279 127 127 9
280 127 127 9
281 127 127 9
282 127 127 9
283 127 127 9
284 127 127 9
285 127 127 9
286 127 127 9
287 127 127 9
288 127 127 9
289 127 127 9
290 127 127 9
291 127 127 9
292 129 129 10
293 127 127 9
294 127 127 9
295 127 127 9
296 127 127 9
297 127 127 9
298 127 127 9
299 127 127 9
300 127 127 9
301 127 127 9
302 127 127 9
303 127 127 9
304 127 127 9
305 127 127 9
306 127 127 9
307 127 127 9
308 127 127 9
309 127 127 9
310 127 127 9
311 127 127 9
312 127 127 9
313 127 127 9
314 127 127 9
315 127 127 9
316 127 127 9
317 127 127 9
318 127 127 9
319 127 127 9
320 127 127 9
321 127 127 9
322 127 127 10
323 127 127 9
324 127 128 9
325 127 128 9
326 128 128 10
327 128 128 9
328 128 128 9
329 128 128 9
330 128 128 9
331 128 128 10
332 128 128 9
333 128 128 9
334 128 128 9
335 128 128 9
336 128 128 9
337 128 128 9
338 128 128 10
339 127 128 9
340 127 128 9
341 128 128 9
342 127 127 9
343 127 127 9
344 127 127 9
345 127 127 9
346 127 127 9
347 127 127 9
348 127 127 9
349 127 127 9
350 127 127 9
351 127 127 9
352 127 127 9
353 127 127 9
354 127 127 9
355 127 127 9
356 127 127 9
357 127 127 9
358 127 127 9
359 127 127 9
360 127 127 9
361 127 127 9
362 127 127 9
363 127 127 9
364 127 127 9
365 127 128 9
366 128 128 10
367 128 128 9
368 128 128 10
369 128 128 9
370 128 128 10
371 130 130 12
372 128 128 10
373 128 129 10
374 129 129 10
375 129 129 10
376 129 129 10
377 129 129 10
378 129 129 10
379 129 129 10
380 129 129 10
381 129 129 10
382 129 129 10
383 129 129 10
384 129 129 11
385 129 129 10
386 129 130 10
387 130 130 10
388 130 130 10
389 130 130 11
390 130 130 10
391 130 130 11
392 130 130 11
393 130 130 11
394 130 130 11
395 130 130 11
396 130 130 11
397 130 130 10
398 129 130 10
399 129 129 11
400 129 129 10
401 129 129 10
402 129 129 10
403 129 129 10
404 129 129 10
405 129 129 11
406 129 129 10
407 129 129 10
408 129 129 10
409 129 129 11
410 129 129 10
411 129 129 11
412 129 129 10
413 129 129 10
414 129 129 10
415 129 129 11
416 129 129 10
417 129 129 10
418 129 129 11
419 130 130 10
420 130 130 11
421 130 130 10
422 130 130 11
423 130 130 11
424 130 130 11
425 130 130 11
426 131 131 11
427 131 131 11
428 131 131 11
429 131 131 11
430 131 131 12
431 131 131 12
432 132 132 12
433 132 132 12
434 132 132 12
435 132 132 12
436 132 132 12
437 132 132 12
438 132 132 12
439 132 132 12
440 132 132 12
441 132 132 13
442 132 133 12
443 133 133 13
444 133 133 13
445 133 133 13
446 133 133 13
447 133 133 13
448 133 133 13
449 133 133 13
450 132 132 13
451 132 133 12
452 132 132 12
453 132 132 12
454 132 132 12
455 132 132 12
456 132 132 12
457 132 132 12
458 132 132 12
459 132 132 12
460 131 131 12
461 131 131 12
462 131 131 12
463 131 131 12
464 131 131 12
465 131 131 11
466 131 131 12
467 131 131 12
468 131 131 11
469 131 131 11
470 131 131 11
471 131 131 11
472 131 131 11
473 131 131 11
474 131 131 11
475 131 131 11
476 131 131 11
477 131 131 11
478 131 131 11
479 131 131 11
480 131 131 11
481 135 135 14
482 132 132 12
483 131 131 12
484 131 131 12
485 131 131 12
486 131 131 12
487 132 132 12
488 132 132 12
489 132 132 12
490 132 132 12
491 132 132 12
492 132 132 12
493 132 132 12
494 132 132 12
495 132 132 12
496 132 132 12
497 132 132 12
498 132 132 12
499 132 132 12
500 132 132 12
501 132 132 12
502 132 132 12
503 132 132 12
504 132 132 12
505 131 131 12
506 131 131 12
507 131 131 11
508 131 131 12
509 131 131 11
510 131 131 11
511 131 131 11
512 131 131 11
513 130 130 11
514 130 130 11
515 130 130 11
516 130 130 11
517 130 130 11
518 130 130 10
519 130 130 11
520 129 129 11
521 129 129 10
522 129 129 10
523 129 129 10
524 129 129 10
525 129 129 10
526 129 129 10
527 129 129 10
528 129 129 10
529 129 129 10
530 129 129 10
531 129 129 10
532 129 129 10
533 129 129 10
534 129 129 10
535 129 129 10
536 129 129 10
537 129 129 10
538 129 129 10
539 129 129 11
540 129 129 10
541 129 129 11
542 130 130 11
543 132 132 12
544 130 130 11
545 130 130 11
546 130 130 11
547 130 130 11
548 130 130 11
549 130 130 11
550 130 130 11
551 130 130 11
552 130 130 11
553 130 130 11
554 130 130 11
555 130 130 11
556 130 130 11
557 130 130 11
558 130 130 11
559 130 130 11
560 130 130 11
561 129 129 10
562 129 129 11
563 129 129 10
564 129 129 10
565 129 129 10
566 129 129 10
567 129 129 10
568 129 129 10
569 129 129 11
570 130 130 13
571 130 130 23
572 130 130 12
573 129 129 10
574 129 129 10
575 129 129 10
576 128 128 10
577 128 128 10
578 128 128 10
579 128 128 10
580 128 128 10
581 128 128 10
582 128 128 10
583 128 128 10
584 128 128 10
585 128 128 10
586 129 129 10
587 128 128 10
588 128 128 10
589 128 128 10
590 129 129 10
591 129 129 10
592 129 129 10
593 129 129 10
594 129 129 10
595 129 129 10
596 129 129 10
597 129 129 10
598 129 129 10
599 129 129 11
600 129 129 11
601 129 129 10
602 129 129 10
603 129 129 11
604 129 130 11
605 130 130 11
606 130 130 11
607 130 130 11
608 130 130 11
609 130 130 11
610 130 130 11
611 130 130 11
612 130 130 11
613 130 130 11
614 130 130 11
615 130 130 11
616 130 130 11
617 130 131 12
618 129 130 11
619 129 129 11
620 129 129 11
621 129 129 11
622 129 129 11
623 129 129 11
624 129 129 11
625 129 129 10
626 129 129 10
627 129 129 10
628 129 129 10
629 129 129 10
630 129 129 10
631 128 129 10
632 128 129 10
633 128 128 10
634 128 128 10
635 128 128 10
636 128 128 10
637 128 128 10
638 128 128 10
639 128 128 10
640 128 128 10
641 128 128 10
642 128 128 10
643 128 128 10
644 128 128 10
645 129 129 10
646 129 129 10
647 129 129 10
648 129 129 10
649 129 129 10
650 129 129 10
651 129 129 10
652 129 129 10
653 129 129 10
654 129 129 11
655 129 129 11
656 129 129 11
657 129 129 11
658 129 129 11
659 129 129 11
660 129 129 11
661 130 130 10
662 130 130 11
663 130 130 11
664 130 130 11
665 130 130 11
666 130 130 11
667 130 130 11
668 130 130 11
669 130 130 11
670 130 130 11
671 130 130 11
672 130 130 11
673 130 130 11
674 130 130 11
675 130 130 11
676 130 130 11
677 130 130 11
678 130 130 11
679 130 130 11
680 130 130 11
681 130 130 11
682 130 130 11
683 130 130 11
684 130 130 11
685 130 130 11
686 130 130 11
687 130 130 11
688 130 130 11
689 130 130 11
690 130 130 11
691 130 130 11
692 130 130 11
693 130 130 11
694 130 130 11
695 130 130 12
696 130 130 12
697 130 131 12
698 131 131 11
699 131 131 12
700 131 131 12
701 131 131 12
702 131 131 12
703 131 131 12
704 131 131 12
705 131 131 12
706 131 131 12
707 131 131 12
708 131 132 12
709 131 131 12
710 132 132 12
711 132 132 13
712 132 132 13
713 132 132 12
714 132 132 12
715 132 132 13
716 132 132 12
717 132 132 13
718 132 132 13
719 132 132 13
720 132 132 12
721 132 132 12
722 131 132 12
723 132 132 13
724 131 132 12
725 131 131 13
726 131 131 12
727 131 131 13
728 131 131 12
729 131 131 12
730 131 131 12
731 131 131 13
732 131 131 12
733 131 131 12
734 131 131 12
735 131 131 12
736 131 131 12
737 131 131 12
738 131 131 12
739 131 131 12
740 131 131 12
741 131 131 12
742 131 131 12
743 132 132 13
744 131 131 12
745 130 131 12
746 130 131 12
747 131 131 12
748 131 131 12
749 130 130 12
750 130 130 12
751 130 130 12
752 130 130 12
753 130 130 11
754 130 130 11
755 130 130 11
756 130 130 11
757 130 130 11
758 130 130 11
759 130 130 11
760 129 130 11
761 129 129 11
762 129 129 11
763 129 129 11
764 129 129 11
765 129 129 11
766 129 129 11
767 129 129 11
768 129 129 11
769 129 129 10
770 129 129 10
771 129 129 10
772 128 128 10
773 128 128 10
774 128 128 10
775 128 128 10
776 128 128 10
777 128 128 10
778 128 128 10
779 129 129 11
780 128 128 36
781 129 129 10
782 128 128 10
783 128 128 10
784 128 128 10
785 128 128 10
786 128 128 10
787 128 128 10
788 128 128 10
789 128 128 10
790 128 128 10
791 128 128 10
792 128 128 10
793 128 128 10
794 128 128 10
795 128 128 11
796 128 128 11
797 129 129 10
798 129 129 10
799 129 129 11
800 129 129 10
801 129 129 10
802 129 129 11
803 129 129 11
804 129 129 11
805 129 129 11
806 129 129 11
807 129 129 11
808 129 129 11
809 129 129 11
810 129 129 11
811 129 129 11
812 129 129 11
813 129 129 11
814 129 129 11
815 129 129 11
816 129 129 11
817 129 129 11
818 129 129 11
819 129 129 11
820 129 129 11
821 129 129 11
822 129 129 11
823 129 129 11
824 129 129 11
825 129 129 11
826 129 129 11
827 129 129 11
828 129 129 11
829 129 129 11
830 129 129 11
831 129 129 11
832 129 129 11
833 129 129 11
834 129 129 11
835 129 129 11
836 129 129 11
837 129 129 11
838 129 129 11
839 130 130 12
840 130 130 12
841 130 130 12
842 130 130 12
843 130 130 12
844 130 130 12
845 130 130 12
846 130 130 12
847 130 130 12
848 130 130 12
849 130 130 12
850 131 131 13
851 131 131 12
852 131 131 13
853 131 131 13
854 131 131 13
855 131 131 13
856 131 131 13
857 131 131 13
858 131 131 13
859 131 131 13
860 131 131 13
861 131 131 13
862 132 132 13
863 132 132 14
864 131 132 13
865 132 132 13
866 132 132 14
867 132 132 13
868 132 132 13
869 131 132 13
870 131 132 13
871 131 131 13
872 131 131 13
873 131 131 13
874 131 131 13
875 131 131 13
876 131 131 13
877 131 131 13
878 131 131 13
879 131 132 13
880 131 131 13
881 131 131 12
882 131 131 13
883 130 130 12
884 130 131 12
885 130 130 12
886 130 130 12
887 130 130 12
888 130 130 12
889 130 130 12
890 130 130 12
891 130 130 12
892 130 130 12
893 131 131 13
894 130 130 12
895 130 130 12
896 130 130 12
897 130 130 12
898 131 131 13
899 131 131 13
900 131 131 13
901 131 131 13
902 131 131 13
903 131 131 14
904 131 131 14
905 132 132 14
906 132 132 14
907 132 132 14
908 132 132 14
909 132 132 14
910 132 132 14
911 132 132 14
912 132 132 14
913 133 133 15
914 133 133 15
915 133 133 14
916 133 133 15
917 133 133 15
918 133 133 15
919 133 133 15
920 133 133 15
921 133 133 15
922 133 133 15
923 133 133 15
924 134 134 16
925 133 134 16
926 133 133 15
927 133 133 15
928 133 133 15
929 133 134 15
930 133 133 15
931 133 133 15
932 136 136 19
933 133 133 15
934 133 133 15
935 133 133 15
936 133 133 15
937 133 133 15
938 133 133 15
939 133 133 15
940 133 133 15
941 132 133 15
942 132 133 15
943 132 132 15
944 132 132 15
945 132 132 15
946 132 132 15
947 132 132 15
948 132 132 15
949 132 132 15
950 132 132 15
951 132 132 16
952 133 133 16
953 132 132 16
954 132 132 15
955 132 132 16
956 132 132 16
957 132 132 15
958 132 132 15
959 132 132 16
960 132 132 16
961 132 132 16
962 132 132 16
963 131 132 16
964 131 131 15
965 131 131 16
966 131 131 16
967 131 131 15
968 131 131 15
969 130 130 15
970 130 130 15
971 129 129 14
972 129 129 14
973 129 129 13
974 128 128 13
975 128 128 13
976 127 128 13
977 127 127 12
978 127 127 12
979 126 126 12
980 126 126 11
981 125 125 11
982 125 125 11
983 124 124 10
984 124 124 10
985 123 123 10
986 122 122 9
987 122 122 9
988 121 121 9
989 121 121 8
990 120 120 8
991 120 120 8
992 119 119 7
993 119 119 7
994 118 118 7
995 118 118 6
996 117 117 6
997 117 117 6
998 116 116 6
999 116 116 5
1000 115 115 5
1001 115 115 5
1002 115 115 5
1003 114 114 5
1004 114 114 4
1005 100 100 0
1006 100 100 0
1007 100 100 0
1008 100 100 0
1009 100 100 0
1010 100 100 0
1011 100 100 0
1012 100 100 0
1013 100 100 0
1014 100 100 0
1015 100 100 0
1016 100 100 0
1017 100 100 0
1018 100 100 0
1019 100 100 0
1020 100 100 0
1021 100 100 0
1022 100 100 0
1023 100 100 0
1024 100 100 0


Channels mean: 127.513
Channels variance: 52.8545

Total variance: 10727
Mean sum: 130573
Standard deviation: 103.571